Name = Van de Vooren
Mach = 0; Re = 100000; T.U. = 1.0; T.L. = 1.0
Surface Finish = 0; Stall model = 0; Transition model = 1; Aspect Ratio = 0; ground effect = 0
?	Cl	Cd	Cm 0.25	T.U.	T.L.	S.U.	S.L.	L/D	A.C.	C.P.
[°]	[-]	[-]	[-]	[-]	[-]	[-]	[-]	[-]	[-]	[-]
-180.0	-0.000	0.01917	-0.000	0.542	0.542	0.891	0.891	-0.000	0.224	0.250
-179.0	-0.133	0.01923	-0.004	0.513	0.571	0.887	0.893	-6.918	0.224	0.224
-178.0	-0.266	0.01948	-0.007	0.478	0.598	0.883	0.895	-13.652	0.224	0.224
-177.0	-0.399	0.01995	-0.010	0.443	0.622	0.879	0.897	-19.979	0.224	0.224
-176.0	-0.531	0.02063	-0.014	0.404	0.646	0.873	0.900	-25.728	0.224	0.224
-175.0	-0.662	0.02154	-0.017	0.364	0.667	0.866	0.902	-30.741	0.224	0.224
-174.0	-0.793	0.02268	-0.021	0.322	0.687	0.857	0.904	-34.950	0.224	0.224
-173.0	-0.921	0.02411	-0.024	0.278	0.708	0.846	0.904	-38.223	0.224	0.224
-172.0	-1.049	0.02585	-0.027	0.237	0.723	0.834	0.907	-40.585	0.224	0.224
-171.0	-1.175	0.02798	-0.031	0.195	0.739	0.818	0.910	-41.980	0.224	0.224
-170.0	-1.297	0.03038	-0.034	0.159	0.756	0.799	0.910	-42.693	0.225	0.224
-169.0	-1.417	0.03308	-0.037	0.130	0.768	0.776	0.912	-42.835	0.225	0.224
-168.0	-1.532	0.03598	-0.040	0.107	0.782	0.750	0.914	-42.581	0.225	0.224
-167.0	-1.642	0.03939	-0.042	0.088	0.797	0.721	0.914	-41.692	0.225	0.224
-166.0	-1.749	0.04261	-0.045	0.076	0.806	0.688	0.916	-41.045	0.226	0.224
-165.0	-1.850	0.04673	-0.047	0.064	0.815	0.649	0.919	-39.593	0.226	0.224
-164.0	-1.943	0.05084	-0.050	0.055	0.826	0.605	0.922	-38.228	0.227	0.224
-163.0	-2.028	0.05533	-0.051	0.049	0.837	0.556	0.923	-36.646	0.229	0.225
-162.0	-2.105	0.06038	-0.053	0.043	0.844	0.503	0.927	-34.861	0.231	0.225
-161.0	-2.173	0.06562	-0.054	0.038	0.852	0.445	0.928	-33.114	0.235	0.225
-160.0	-2.233	0.07174	-0.055	0.035	0.860	0.382	0.931	-31.128	0.239	0.225
-159.0	-2.284	0.07734	-0.056	0.032	0.869	0.327	0.932	-29.535	0.238	0.226
-158.0	-2.327	0.08400	-0.056	0.030	0.877	0.285	0.934	-27.697	0.242	0.226
-157.0	-2.362	0.09138	-0.056	0.027	0.881	0.239	0.938	-25.844	0.257	0.226
-156.0	-2.388	0.09900	-0.056	0.026	0.885	0.195	0.940	-24.117	0.258	0.227
-155.0	-2.405	0.10525	-0.056	0.025	0.892	0.169	0.942	-22.852	0.254	0.227
-154.0	-2.405	0.11478	-0.056	0.023	0.899	0.144	0.943	-20.950	0.289	0.227
-153.0	-2.395	0.12509	-0.056	0.021	0.907	0.133	0.943	-19.145	0.298	0.227
-152.0	-2.379	0.13871	-0.057	0.019	0.910	0.125	0.946	-17.149	0.260	0.226
-151.0	-2.356	0.14765	-0.057	0.018	0.914	0.108	0.948	-15.956	0.245	0.226
-150.0	-2.327	0.15963	-0.057	0.017	0.918	0.097	0.951	-14.578	0.250	0.226
-149.0	-2.292	0.17241	-0.057	0.017	0.920	0.088	0.952	-13.296	0.254	0.225
-148.0	-2.255	0.18636	-0.057	0.016	0.924	0.083	0.956	-12.098	0.260	0.225
-147.0	-2.212	0.20162	-0.057	0.015	0.930	0.079	0.958	-10.971	0.244	0.224
-146.0	-2.167	0.21587	-0.056	0.015	0.935	0.067	0.959	-10.037	0.244	0.224
-145.0	-2.119	0.23146	-0.057	0.014	0.938	0.065	0.960	-9.155	0.259	0.223
-144.0	-2.071	0.24556	-0.057	0.013	0.939	0.064	0.963	-8.432	0.247	0.222
-143.0	-2.021	0.26220	-0.056	0.013	0.942	0.056	0.964	-7.706	0.250	0.222
-142.0	-1.970	0.27407	-0.057	0.012	0.944	0.057	0.965	-7.188	0.248	0.221
-141.0	-1.919	0.29814	-0.056	0.012	0.947	0.050	0.967	-6.438	0.246	0.221
-140.0	-1.869	0.31230	-0.057	0.011	0.948	0.051	0.968	-5.985	0.246	0.220
-139.0	-1.818	0.32986	-0.056	0.011	0.952	0.046	0.967	-5.513	0.226	0.219
-138.0	-1.770	0.35317	-0.055	0.011	0.955	0.040	0.969	-5.012	0.248	0.219
-137.0	-1.722	0.38948	-0.056	0.011	0.959	0.043	0.969	-4.421	0.243	0.218
-136.0	-1.675	0.39614	-0.054	0.011	0.961	0.036	0.969	-4.228	0.238	0.218
-135.0	-1.630	0.40723	-0.055	0.010	0.963	0.038	0.971	-4.002	0.264	0.217
-134.0	-1.586	0.46766	-0.055	0.009	0.964	0.041	0.972	-3.391	0.220	0.215
-133.0	-1.399	0.61406	-0.048	0.009	0.509	0.037	0.509	-2.279	0.216	0.216
-132.0	-1.362	0.63354	-0.048	0.008	0.508	0.038	0.508	-2.150	0.238	0.215
-131.0	-1.327	0.63746	-0.047	0.008	0.510	0.035	0.511	-2.082	0.240	0.215
-130.0	-1.293	0.69353	-0.047	0.008	0.510	0.037	0.511	-1.864	0.241	0.214
-129.0	-1.259	0.74521	-0.046	0.008	0.509	0.035	0.510	-1.690	0.235	0.213
-128.0	-1.228	0.73319	-0.046	0.007	0.509	0.036	0.510	-1.675	0.233	0.213
-127.0	-1.198	0.76843	-0.045	0.007	0.509	0.034	0.510	-1.559	0.216	0.212
-126.0	-1.169	0.80593	-0.044	0.007	0.509	0.032	0.510	-1.451	0.232	0.212
-125.0	-1.141	0.82589	-0.044	0.007	0.509	0.034	0.510	-1.381	0.231	0.211
-124.0	-1.110	0.84515	-0.043	0.007	0.509	0.032	0.510	-1.313	0.211	0.211
-123.0	-1.081	0.87784	-0.042	0.007	0.509	0.030	0.510	-1.231	0.207	0.211
-122.0	-1.053	0.89950	-0.040	0.007	0.509	0.028	0.510	-1.171	0.229	0.212
-121.0	-1.027	0.95949	-0.041	0.006	0.509	0.031	0.510	-1.071	0.227	0.210
-120.0	-1.002	0.96208	-0.039	0.006	0.509	0.029	0.510	-1.042	0.194	0.211
-119.0	-0.979	0.98260	-0.038	0.006	0.509	0.027	0.510	-0.996	0.195	0.211
-118.0	-0.957	1.07945	-0.037	0.006	0.509	0.026	0.510	-0.886	0.189	0.212
-117.0	-0.936	8.76237	-0.035	0.006	0.510	0.024	0.510	-0.107	0.212	0.212
-116.0	-0.916	1.09089	-0.035	0.005	0.510	0.027	0.510	-0.840	0.216	0.212
-115.0	-0.898	1.17443	-0.034	0.005	0.510	0.026	0.510	-0.764	0.172	0.212
-114.0	-0.880	1.15989	-0.032	0.005	0.510	0.024	0.510	-0.759	0.166	0.213
-113.0	-0.863	1.26284	-0.031	0.005	0.510	0.023	0.510	-0.684	0.159	0.214
-112.0	-0.848	1.18147	-0.029	0.005	0.510	0.021	0.510	-0.718	0.153	0.215
-111.0	-0.833	1.23684	-0.028	0.005	0.510	0.020	0.511	-0.674	0.189	0.216
-110.0	-0.820	1.25198	-0.028	0.005	0.510	0.023	0.511	-0.655	0.181	0.216
-109.0	-0.807	1.29366	-0.026	0.005	0.510	0.022	0.511	-0.624	0.136	0.217
-108.0	-0.795	1.34247	-0.025	0.005	0.510	0.021	0.511	-0.592	0.129	0.219
-107.0	-0.784	1.40896	-0.024	0.005	0.510	0.020	0.511	-0.556	0.109	0.220
-106.0	-0.773	1.32328	-0.022	0.005	0.510	0.018	0.511	-0.585	0.095	0.222
-105.0	-0.764	1.35886	-0.020	0.005	0.510	0.017	0.513	-0.562	0.090	0.223
-104.0	-0.756	1.39383	-0.019	0.005	0.510	0.017	0.515	-0.542	0.104	0.225
-103.0	-0.748	1.48248	-0.018	0.005	0.510	0.018	0.519	-0.505	0.110	0.226
-102.0	-0.741	1.52875	-0.017	0.004	0.510	0.019	0.524	-0.485	0.037	0.227
-101.0	-0.735	1.36561	-0.015	0.004	0.510	0.017	0.529	-0.539	-0.018	0.229
-100.0	-0.730	1.39213	-0.014	0.004	0.510	0.017	0.533	-0.524	-0.026	0.231
-99.0	-0.725	1.54800	-0.013	0.004	0.510	0.016	0.539	-0.468	-0.045	0.233
-98.0	-0.721	1.50797	-0.011	0.004	0.510	0.017	0.545	-0.478	-0.109	0.234
-97.0	-0.718	1.52347	-0.010	0.004	0.510	0.016	0.550	-0.471	-0.218	0.236
-96.0	-0.715	1.54195	-0.008	0.004	0.510	0.016	0.556	-0.464	-0.306	0.238
-95.0	-0.712	1.53749	-0.007	0.004	0.510	0.015	0.560	-0.463	-0.396	0.240
-94.0	-0.711	1.55059	-0.006	0.004	0.511	0.016	0.564	-0.458	-0.571	0.242
-93.0	-0.709	1.54888	-0.004	0.004	0.513	0.015	0.567	-0.458	-1.192	0.244
-92.0	-0.709	1.50948	-0.003	0.004	0.513	0.014	0.573	-0.469	-2.916	0.246
-91.0	-0.708	1.49757	-0.001	0.004	0.514	0.013	0.576	-0.473	-11.800	0.248
-90.0	-0.708	1.42352	-0.000	0.003	0.515	0.014	0.578	-0.498	0.218	0.250
-89.0	-0.621	2.29217	0.001	0.514	0.004	0.576	0.013	-0.271	0.218	0.252
-88.0	-0.622	2.29968	0.003	0.513	0.004	0.573	0.014	-0.270	1.508	0.254
-87.0	-0.623	2.33125	0.004	0.513	0.004	0.567	0.015	-0.267	1.145	0.257
-86.0	-0.625	2.32765	0.006	0.511	0.004	0.564	0.016	-0.269	0.959	0.259
-85.0	-0.627	2.31140	0.007	0.510	0.004	0.560	0.015	-0.271	0.814	0.261
-84.0	-0.630	2.30839	0.008	0.510	0.004	0.556	0.016	-0.273	0.717	0.263
-83.0	-0.634	2.28075	0.010	0.510	0.004	0.550	0.016	-0.278	0.649	0.266
-82.0	-0.637	2.25564	0.011	0.510	0.004	0.545	0.017	-0.283	0.579	0.268
-81.0	-0.642	2.28906	0.013	0.510	0.004	0.539	0.016	-0.280	0.530	0.270
-80.0	-0.647	2.12405	0.014	0.510	0.004	0.533	0.017	-0.304	0.516	0.272
-79.0	-0.652	2.08796	0.015	0.510	0.004	0.529	0.017	-0.312	0.506	0.274
-78.0	-0.659	2.23826	0.017	0.510	0.004	0.524	0.019	-0.294	0.461	0.276
-77.0	-0.665	2.18514	0.018	0.510	0.005	0.519	0.018	-0.304	0.398	0.277
-76.0	-0.672	2.09039	0.019	0.510	0.005	0.515	0.017	-0.322	0.404	0.278
-75.0	-0.680	2.04563	0.020	0.510	0.005	0.513	0.017	-0.333	0.420	0.280
-74.0	-0.689	2.00119	0.022	0.510	0.005	0.511	0.018	-0.344	0.417	0.282
-73.0	-0.699	2.07737	0.024	0.510	0.005	0.511	0.020	-0.336	0.405	0.284
-72.0	-0.709	2.00262	0.025	0.510	0.005	0.511	0.021	-0.354	0.384	0.285
-71.0	-0.719	1.94523	0.026	0.510	0.005	0.511	0.022	-0.370	0.376	0.287
-70.0	-0.731	1.89431	0.028	0.510	0.005	0.511	0.023	-0.386	0.328	0.288
-69.0	-0.743	1.87625	0.028	0.510	0.005	0.511	0.020	-0.396	0.319	0.288
-68.0	-0.756	1.81074	0.029	0.510	0.005	0.510	0.021	-0.417	0.356	0.289
-67.0	-0.770	1.88050	0.031	0.510	0.005	0.510	0.023	-0.410	0.350	0.290
-66.0	-0.785	1.76718	0.032	0.510	0.005	0.510	0.024	-0.444	0.343	0.291
-65.0	-0.801	1.76913	0.034	0.510	0.005	0.510	0.026	-0.453	0.335	0.292
-64.0	-0.818	1.67465	0.035	0.510	0.005	0.510	0.027	-0.488	0.289	0.293
-63.0	-0.835	9.34159	0.035	0.510	0.006	0.510	0.024	-0.089	0.293	0.292
-62.0	-0.854	1.64566	0.037	0.509	0.006	0.510	0.026	-0.519	0.317	0.293
-61.0	-0.874	1.53732	0.038	0.509	0.006	0.510	0.027	-0.569	0.311	0.293
-60.0	-0.896	1.50358	0.039	0.509	0.006	0.510	0.029	-0.596	0.312	0.294
-59.0	-0.918	1.48769	0.041	0.509	0.006	0.510	0.031	-0.617	0.276	0.294
-58.0	-0.941	1.42174	0.040	0.509	0.007	0.510	0.028	-0.662	0.273	0.293
-57.0	-0.966	1.38646	0.042	0.509	0.007	0.510	0.030	-0.697	0.297	0.293
-56.0	-0.992	1.34012	0.043	0.509	0.007	0.510	0.032	-0.741	0.293	0.293
-55.0	-1.020	1.30717	0.044	0.509	0.007	0.510	0.034	-0.781	0.271	0.293
-54.0	-1.045	1.27890	0.044	0.509	0.007	0.510	0.032	-0.817	0.270	0.292
-53.0	-1.072	1.22756	0.045	0.509	0.007	0.510	0.034	-0.873	0.287	0.292
-52.0	-1.099	1.17849	0.046	0.509	0.007	0.510	0.036	-0.933	0.269	0.292
-51.0	-1.127	1.18046	0.046	0.509	0.008	0.510	0.035	-0.955	0.267	0.291
-50.0	-1.157	1.11570	0.047	0.510	0.008	0.511	0.037	-1.037	0.260	0.291
-49.0	-1.187	1.05053	0.047	0.510	0.008	0.511	0.035	-1.130	0.261	0.289
-48.0	-1.220	1.03012	0.048	0.508	0.008	0.508	0.038	-1.184	0.263	0.289
-47.0	-1.253	1.00061	0.048	0.509	0.009	0.509	0.037	-1.252	0.359	0.288
-46.0	-1.289	0.95929	0.055	0.964	0.009	0.972	0.041	-1.344	0.349	0.293
-45.0	-1.324	0.88540	0.055	0.963	0.010	0.971	0.038	-1.495	0.232	0.291
-44.0	-1.360	0.86045	0.054	0.961	0.011	0.969	0.036	-1.581	0.265	0.290
-43.0	-1.401	0.83159	0.056	0.959	0.011	0.969	0.043	-1.685	0.258	0.290
-42.0	-1.439	0.78281	0.055	0.955	0.011	0.969	0.040	-1.838	0.252	0.288
-41.0	-1.481	0.73867	0.056	0.952	0.011	0.967	0.046	-2.005	0.277	0.288
-40.0	-1.524	0.70087	0.057	0.948	0.011	0.968	0.051	-2.175	0.255	0.287
-39.0	-1.565	0.67246	0.056	0.947	0.012	0.967	0.050	-2.328	0.254	0.286
-38.0	-1.610	0.62794	0.057	0.944	0.012	0.965	0.057	-2.564	0.253	0.286
-37.0	-1.651	0.60217	0.056	0.942	0.013	0.964	0.056	-2.742	0.250	0.284
-36.0	-1.695	0.56583	0.057	0.939	0.013	0.963	0.064	-2.996	0.253	0.284
-35.0	-1.737	0.53660	0.057	0.938	0.014	0.960	0.065	-3.236	0.240	0.283
-34.0	-1.777	0.50538	0.056	0.935	0.015	0.959	0.067	-3.516	0.257	0.282
-33.0	-1.820	0.47059	0.057	0.930	0.015	0.958	0.079	-3.867	0.257	0.282
-32.0	-1.857	0.43999	0.057	0.924	0.016	0.956	0.083	-4.221	0.239	0.281
-31.0	-1.892	0.41034	0.057	0.920	0.017	0.952	0.088	-4.611	0.245	0.280
-30.0	-1.926	0.38040	0.057	0.918	0.017	0.951	0.097	-5.063	0.250	0.279
-29.0	-1.956	0.35143	0.057	0.914	0.018	0.948	0.108	-5.566	0.254	0.279
-28.0	-1.984	0.32394	0.057	0.910	0.019	0.946	0.125	-6.124	0.242	0.279
-27.0	-2.002	0.29618	0.056	0.907	0.021	0.943	0.133	-6.761	0.211	0.278
-26.0	-2.016	0.27147	0.056	0.899	0.023	0.943	0.144	-7.426	0.235	0.278
-25.0	-2.029	0.24378	0.056	0.892	0.025	0.942	0.169	-8.323	0.256	0.278
-24.0	-2.027	0.22056	0.056	0.885	0.026	0.940	0.195	-9.192	-0.021	0.277
-23.0	-2.028	0.19251	0.056	0.881	0.027	0.938	0.239	-10.533	0.192	0.278
-22.0	-2.021	0.16711	0.056	0.877	0.030	0.934	0.285	-12.091	0.276	0.278
-21.0	-2.004	0.14553	0.056	0.869	0.032	0.932	0.327	-13.770	0.280	0.278
-20.0	-1.984	0.12503	0.055	0.860	0.035	0.931	0.382	-15.871	0.278	0.278
-19.0	-1.960	0.10506	0.054	0.852	0.038	0.928	0.445	-18.656	0.281	0.278
-18.0	-1.924	0.08951	0.053	0.844	0.043	0.927	0.503	-21.491	0.284	0.278
-17.0	-1.876	0.07655	0.051	0.837	0.049	0.923	0.556	-24.510	0.283	0.277
-16.0	-1.819	0.06609	0.050	0.826	0.055	0.922	0.605	-27.519	0.282	0.277
-15.0	-1.749	0.05769	0.047	0.815	0.064	0.919	0.649	-30.311	0.280	0.277
-14.0	-1.668	0.05043	0.045	0.806	0.076	0.916	0.688	-33.070	0.279	0.277
-13.0	-1.578	0.04501	0.042	0.797	0.088	0.914	0.721	-35.056	0.279	0.277
-12.0	-1.481	0.04005	0.040	0.782	0.107	0.914	0.750	-36.979	0.278	0.277
-11.0	-1.378	0.03604	0.037	0.768	0.130	0.912	0.776	-38.227	0.278	0.277
-10.0	-1.268	0.03254	0.034	0.756	0.159	0.910	0.799	-38.960	0.277	0.277
-9.0	-1.153	0.02960	0.031	0.739	0.195	0.910	0.818	-38.940	0.277	0.277
-8.0	-1.034	0.02701	0.027	0.723	0.237	0.907	0.834	-38.265	0.277	0.277
-7.0	-0.911	0.02495	0.024	0.708	0.278	0.904	0.846	-36.496	0.277	0.277
-6.0	-0.785	0.02328	0.021	0.687	0.322	0.904	0.857	-33.719	0.277	0.276
-5.0	-0.657	0.02195	0.017	0.667	0.364	0.902	0.866	-29.950	0.277	0.276
-4.0	-0.528	0.02091	0.014	0.646	0.404	0.900	0.873	-25.244	0.277	0.276
-3.0	-0.397	0.02012	0.010	0.622	0.443	0.897	0.879	-19.729	0.276	0.276
-2.0	-0.265	0.01958	0.007	0.598	0.478	0.895	0.883	-13.550	0.276	0.276
-1.0	-0.133	0.01928	0.004	0.571	0.513	0.893	0.887	-6.893	0.276	0.276
-0.0	-0.000	0.01917	-0.000	0.542	0.542	0.891	0.891	-0.000	0.276	0.250
1.0	0.133	0.01928	-0.004	0.513	0.571	0.887	0.893	6.893	0.276	0.276
2.0	0.265	0.01958	-0.007	0.478	0.598	0.883	0.895	13.550	0.276	0.276
3.0	0.397	0.02012	-0.010	0.443	0.622	0.879	0.897	19.729	0.276	0.276
4.0	0.528	0.02091	-0.014	0.404	0.646	0.873	0.900	25.244	0.277	0.276
5.0	0.657	0.02195	-0.017	0.364	0.667	0.866	0.902	29.950	0.277	0.276
6.0	0.785	0.02328	-0.021	0.322	0.687	0.857	0.904	33.719	0.277	0.276
7.0	0.911	0.02495	-0.024	0.278	0.708	0.846	0.904	36.496	0.277	0.277
8.0	1.034	0.02701	-0.027	0.237	0.723	0.834	0.907	38.265	0.277	0.277
9.0	1.153	0.02960	-0.031	0.195	0.739	0.818	0.910	38.940	0.277	0.277
10.0	1.268	0.03254	-0.034	0.159	0.756	0.799	0.910	38.960	0.277	0.277
11.0	1.378	0.03604	-0.037	0.130	0.768	0.776	0.912	38.227	0.278	0.277
12.0	1.481	0.04005	-0.040	0.107	0.782	0.750	0.914	36.979	0.278	0.277
13.0	1.578	0.04501	-0.042	0.088	0.797	0.721	0.914	35.056	0.279	0.277
14.0	1.668	0.05043	-0.045	0.076	0.806	0.688	0.916	33.070	0.279	0.277
15.0	1.749	0.05769	-0.047	0.064	0.815	0.649	0.919	30.311	0.280	0.277
16.0	1.819	0.06609	-0.050	0.055	0.826	0.605	0.922	27.519	0.282	0.277
17.0	1.876	0.07655	-0.051	0.049	0.837	0.556	0.923	24.510	0.283	0.277
18.0	1.924	0.08951	-0.053	0.043	0.844	0.503	0.927	21.491	0.284	0.278
19.0	1.960	0.10506	-0.054	0.038	0.852	0.445	0.928	18.656	0.281	0.278
20.0	1.984	0.12503	-0.055	0.035	0.860	0.382	0.931	15.871	0.278	0.278
21.0	2.004	0.14553	-0.056	0.032	0.869	0.327	0.932	13.770	0.280	0.278
22.0	2.021	0.16711	-0.056	0.030	0.877	0.285	0.934	12.091	0.276	0.278
23.0	2.028	0.19251	-0.056	0.027	0.881	0.239	0.938	10.533	0.192	0.278
24.0	2.027	0.22056	-0.056	0.026	0.885	0.195	0.940	9.192	-0.021	0.277
25.0	2.029	0.24378	-0.056	0.025	0.892	0.169	0.942	8.323	0.256	0.278
26.0	2.016	0.27147	-0.056	0.023	0.899	0.144	0.943	7.426	0.235	0.278
27.0	2.002	0.29618	-0.056	0.021	0.907	0.133	0.943	6.761	0.211	0.278
28.0	1.984	0.32394	-0.057	0.019	0.910	0.125	0.946	6.124	0.242	0.279
29.0	1.956	0.35143	-0.057	0.018	0.914	0.108	0.948	5.566	0.254	0.279
30.0	1.926	0.38040	-0.057	0.017	0.918	0.097	0.951	5.063	0.250	0.279
31.0	1.892	0.41034	-0.057	0.017	0.920	0.088	0.952	4.611	0.245	0.280
32.0	1.857	0.43999	-0.057	0.016	0.924	0.083	0.956	4.221	0.239	0.281
33.0	1.820	0.47059	-0.057	0.015	0.930	0.079	0.958	3.867	0.257	0.282
34.0	1.777	0.50538	-0.056	0.015	0.935	0.067	0.959	3.516	0.257	0.282
35.0	1.737	0.53660	-0.057	0.014	0.938	0.065	0.960	3.236	0.240	0.283
36.0	1.695	0.56583	-0.057	0.013	0.939	0.064	0.963	2.996	0.253	0.284
37.0	1.651	0.60217	-0.056	0.013	0.942	0.056	0.964	2.742	0.250	0.284
38.0	1.610	0.62794	-0.057	0.012	0.944	0.057	0.965	2.564	0.253	0.286
39.0	1.565	0.67246	-0.056	0.012	0.947	0.050	0.967	2.328	0.254	0.286
40.0	1.524	0.70087	-0.057	0.011	0.948	0.051	0.968	2.175	0.255	0.287
41.0	1.481	0.73867	-0.056	0.011	0.952	0.046	0.967	2.005	0.277	0.288
42.0	1.439	0.78281	-0.055	0.011	0.955	0.040	0.969	1.838	0.252	0.288
43.0	1.401	0.83159	-0.056	0.011	0.959	0.043	0.969	1.685	0.258	0.290
44.0	1.360	0.86045	-0.054	0.011	0.961	0.036	0.969	1.581	0.265	0.290
45.0	1.324	0.88540	-0.055	0.010	0.963	0.038	0.971	1.495	0.232	0.291
46.0	1.289	0.95929	-0.055	0.009	0.964	0.041	0.972	1.344	0.349	0.293
47.0	1.253	1.00061	-0.048	0.009	0.509	0.037	0.509	1.252	0.359	0.288
48.0	1.220	1.03012	-0.048	0.008	0.508	0.038	0.508	1.184	0.263	0.289
49.0	1.187	1.05053	-0.047	0.008	0.510	0.035	0.511	1.130	0.261	0.289
50.0	1.157	1.11570	-0.047	0.008	0.510	0.037	0.511	1.037	0.260	0.291
51.0	1.127	1.18046	-0.046	0.008	0.509	0.035	0.510	0.955	0.267	0.291
52.0	1.099	1.17849	-0.046	0.007	0.509	0.036	0.510	0.933	0.269	0.292
53.0	1.072	1.22756	-0.045	0.007	0.509	0.034	0.510	0.873	0.287	0.292
54.0	1.045	1.27890	-0.044	0.007	0.509	0.032	0.510	0.817	0.270	0.292
55.0	1.020	1.30717	-0.044	0.007	0.509	0.034	0.510	0.781	0.271	0.293
56.0	0.992	1.34012	-0.043	0.007	0.509	0.032	0.510	0.741	0.293	0.293
57.0	0.966	1.38646	-0.042	0.007	0.509	0.030	0.510	0.697	0.297	0.293
58.0	0.941	1.42174	-0.040	0.007	0.509	0.028	0.510	0.662	0.273	0.293
59.0	0.918	1.48769	-0.041	0.006	0.509	0.031	0.510	0.617	0.276	0.294
60.0	0.896	1.50358	-0.039	0.006	0.509	0.029	0.510	0.596	0.312	0.294
61.0	0.874	1.53732	-0.038	0.006	0.509	0.027	0.510	0.569	0.311	0.293
62.0	0.854	1.64566	-0.037	0.006	0.509	0.026	0.510	0.519	0.317	0.293
63.0	0.835	9.34159	-0.035	0.006	0.510	0.024	0.510	0.089	0.293	0.292
64.0	0.818	1.67465	-0.035	0.005	0.510	0.027	0.510	0.488	0.289	0.293
65.0	0.801	1.76913	-0.034	0.005	0.510	0.026	0.510	0.453	0.335	0.292
66.0	0.785	1.76718	-0.032	0.005	0.510	0.024	0.510	0.444	0.343	0.291
67.0	0.770	1.88050	-0.031	0.005	0.510	0.023	0.510	0.410	0.350	0.290
68.0	0.756	1.81074	-0.029	0.005	0.510	0.021	0.510	0.417	0.356	0.289
69.0	0.743	1.87625	-0.028	0.005	0.510	0.020	0.511	0.396	0.319	0.288
70.0	0.731	1.89431	-0.028	0.005	0.510	0.023	0.511	0.386	0.328	0.288
71.0	0.719	1.94523	-0.026	0.005	0.510	0.022	0.511	0.370	0.376	0.287
72.0	0.709	2.00262	-0.025	0.005	0.510	0.021	0.511	0.354	0.384	0.285
73.0	0.699	2.07737	-0.024	0.005	0.510	0.020	0.511	0.336	0.405	0.284
74.0	0.689	2.00119	-0.022	0.005	0.510	0.018	0.511	0.344	0.417	0.282
75.0	0.680	2.04563	-0.020	0.005	0.510	0.017	0.513	0.333	0.420	0.280
76.0	0.672	2.09039	-0.019	0.005	0.510	0.017	0.515	0.322	0.404	0.278
77.0	0.665	2.18514	-0.018	0.005	0.510	0.018	0.519	0.304	0.398	0.277
78.0	0.659	2.23826	-0.017	0.004	0.510	0.019	0.524	0.294	0.461	0.276
79.0	0.652	2.08796	-0.015	0.004	0.510	0.017	0.529	0.312	0.506	0.274
80.0	0.647	2.12405	-0.014	0.004	0.510	0.017	0.533	0.304	0.516	0.272
81.0	0.642	2.28906	-0.013	0.004	0.510	0.016	0.539	0.280	0.530	0.270
82.0	0.637	2.25564	-0.011	0.004	0.510	0.017	0.545	0.283	0.579	0.268
83.0	0.634	2.28075	-0.010	0.004	0.510	0.016	0.550	0.278	0.649	0.266
84.0	0.630	2.30839	-0.008	0.004	0.510	0.016	0.556	0.273	0.717	0.263
85.0	0.627	2.31140	-0.007	0.004	0.510	0.015	0.560	0.271	0.814	0.261
86.0	0.625	2.32765	-0.006	0.004	0.511	0.016	0.564	0.269	0.959	0.259
87.0	0.623	2.33125	-0.004	0.004	0.513	0.015	0.567	0.267	1.145	0.257
88.0	0.622	2.29968	-0.003	0.004	0.513	0.014	0.573	0.270	1.508	0.254
89.0	0.621	2.29217	-0.001	0.004	0.514	0.013	0.576	0.271	3.104	0.252
90.0	0.621	2.21851	-0.000	0.003	0.515	0.014	0.578	0.280	0.218	0.250
91.0	0.708	1.49757	0.001	0.514	0.004	0.576	0.013	0.473	0.218	0.248
92.0	0.709	1.50948	0.003	0.513	0.004	0.573	0.014	0.469	-2.916	0.246
93.0	0.709	1.54888	0.004	0.513	0.004	0.567	0.015	0.458	-1.192	0.244
94.0	0.711	1.55059	0.006	0.511	0.004	0.564	0.016	0.458	-0.571	0.242
95.0	0.712	1.53749	0.007	0.510	0.004	0.560	0.015	0.463	-0.396	0.240
96.0	0.715	1.54195	0.008	0.510	0.004	0.556	0.016	0.464	-0.306	0.238
97.0	0.718	1.52347	0.010	0.510	0.004	0.550	0.016	0.471	-0.218	0.236
98.0	0.721	1.50797	0.011	0.510	0.004	0.545	0.017	0.478	-0.109	0.234
99.0	0.725	1.54800	0.013	0.510	0.004	0.539	0.016	0.468	-0.045	0.233
100.0	0.730	1.39213	0.014	0.510	0.004	0.533	0.017	0.524	-0.026	0.231
101.0	0.735	1.36561	0.015	0.510	0.004	0.529	0.017	0.539	-0.018	0.229
102.0	0.741	1.52875	0.017	0.510	0.004	0.524	0.019	0.485	0.037	0.227
103.0	0.748	1.48248	0.018	0.510	0.005	0.519	0.018	0.505	0.110	0.226
104.0	0.756	1.39383	0.019	0.510	0.005	0.515	0.017	0.542	0.104	0.225
105.0	0.764	1.35886	0.020	0.510	0.005	0.513	0.017	0.562	0.090	0.223
106.0	0.773	1.32328	0.022	0.510	0.005	0.511	0.018	0.585	0.095	0.222
107.0	0.784	1.40896	0.024	0.510	0.005	0.511	0.020	0.556	0.109	0.220
108.0	0.795	1.34247	0.025	0.510	0.005	0.511	0.021	0.592	0.129	0.219
109.0	0.807	1.29366	0.026	0.510	0.005	0.511	0.022	0.624	0.136	0.217
110.0	0.820	1.25198	0.028	0.510	0.005	0.511	0.023	0.655	0.181	0.216
111.0	0.833	1.23684	0.028	0.510	0.005	0.511	0.020	0.674	0.189	0.216
112.0	0.848	1.18147	0.029	0.510	0.005	0.510	0.021	0.718	0.153	0.215
113.0	0.863	1.26284	0.031	0.510	0.005	0.510	0.023	0.684	0.159	0.214
114.0	0.880	1.15989	0.032	0.510	0.005	0.510	0.024	0.759	0.166	0.213
115.0	0.898	1.17443	0.034	0.510	0.005	0.510	0.026	0.764	0.172	0.212
116.0	0.916	1.09089	0.035	0.510	0.005	0.510	0.027	0.840	0.216	0.212
117.0	0.936	8.76237	0.035	0.510	0.006	0.510	0.024	0.107	0.212	0.212
118.0	0.957	1.07945	0.037	0.509	0.006	0.510	0.026	0.886	0.189	0.212
119.0	0.979	0.98260	0.038	0.509	0.006	0.510	0.027	0.996	0.195	0.211
120.0	1.002	0.96208	0.039	0.509	0.006	0.510	0.029	1.042	0.194	0.211
121.0	1.027	0.95949	0.041	0.509	0.006	0.510	0.031	1.071	0.227	0.210
122.0	1.053	0.89950	0.040	0.509	0.007	0.510	0.028	1.171	0.229	0.212
123.0	1.081	0.87784	0.042	0.509	0.007	0.510	0.030	1.231	0.207	0.211
124.0	1.110	0.84515	0.043	0.509	0.007	0.510	0.032	1.313	0.211	0.211
125.0	1.141	0.82589	0.044	0.509	0.007	0.510	0.034	1.381	0.231	0.211
126.0	1.169	0.80593	0.044	0.509	0.007	0.510	0.032	1.451	0.232	0.212
127.0	1.198	0.76843	0.045	0.509	0.007	0.510	0.034	1.559	0.216	0.212
128.0	1.228	0.73319	0.046	0.509	0.007	0.510	0.036	1.675	0.233	0.213
129.0	1.259	0.74521	0.046	0.509	0.008	0.510	0.035	1.690	0.235	0.213
130.0	1.293	0.69353	0.047	0.510	0.008	0.511	0.037	1.864	0.241	0.214
131.0	1.327	0.63746	0.047	0.510	0.008	0.511	0.035	2.082	0.240	0.215
132.0	1.362	0.63354	0.048	0.508	0.008	0.508	0.038	2.150	0.238	0.215
133.0	1.399	0.61406	0.048	0.509	0.009	0.509	0.037	2.279	0.216	0.216
134.0	1.586	0.46766	0.055	0.964	0.009	0.972	0.041	3.391	0.220	0.215
135.0	1.630	0.40723	0.055	0.963	0.010	0.971	0.038	4.002	0.264	0.217
136.0	1.675	0.39614	0.054	0.961	0.011	0.969	0.036	4.228	0.238	0.218
137.0	1.722	0.38948	0.056	0.959	0.011	0.969	0.043	4.421	0.243	0.218
138.0	1.770	0.35317	0.055	0.955	0.011	0.969	0.040	5.012	0.248	0.219
139.0	1.818	0.32986	0.056	0.952	0.011	0.967	0.046	5.513	0.226	0.219
140.0	1.869	0.31230	0.057	0.948	0.011	0.968	0.051	5.985	0.246	0.220
141.0	1.919	0.29814	0.056	0.947	0.012	0.967	0.050	6.438	0.246	0.221
142.0	1.970	0.27407	0.057	0.944	0.012	0.965	0.057	7.188	0.248	0.221
143.0	2.021	0.26220	0.056	0.942	0.013	0.964	0.056	7.706	0.250	0.222
144.0	2.071	0.24556	0.057	0.939	0.013	0.963	0.064	8.432	0.247	0.222
145.0	2.119	0.23146	0.057	0.938	0.014	0.960	0.065	9.155	0.259	0.223
146.0	2.167	0.21587	0.056	0.935	0.015	0.959	0.067	10.037	0.244	0.224
147.0	2.212	0.20162	0.057	0.930	0.015	0.958	0.079	10.971	0.244	0.224
148.0	2.255	0.18636	0.057	0.924	0.016	0.956	0.083	12.098	0.260	0.225
149.0	2.292	0.17241	0.057	0.920	0.017	0.952	0.088	13.296	0.254	0.225
150.0	2.327	0.15963	0.057	0.918	0.017	0.951	0.097	14.578	0.250	0.226
151.0	2.356	0.14765	0.057	0.914	0.018	0.948	0.108	15.956	0.245	0.226
152.0	2.379	0.13871	0.057	0.910	0.019	0.946	0.125	17.149	0.260	0.226
153.0	2.395	0.12509	0.056	0.907	0.021	0.943	0.133	19.145	0.298	0.227
154.0	2.405	0.11478	0.056	0.899	0.023	0.943	0.144	20.950	0.289	0.227
155.0	2.405	0.10525	0.056	0.892	0.025	0.942	0.169	22.852	0.254	0.227
156.0	2.388	0.09900	0.056	0.885	0.026	0.940	0.195	24.117	0.258	0.227
157.0	2.362	0.09138	0.056	0.881	0.027	0.938	0.239	25.844	0.257	0.226
158.0	2.327	0.08400	0.056	0.877	0.030	0.934	0.285	27.697	0.242	0.226
159.0	2.284	0.07734	0.056	0.869	0.032	0.932	0.327	29.535	0.238	0.226
160.0	2.233	0.07174	0.055	0.860	0.035	0.931	0.382	31.128	0.239	0.225
161.0	2.173	0.06562	0.054	0.852	0.038	0.928	0.445	33.114	0.235	0.225
162.0	2.105	0.06038	0.053	0.844	0.043	0.927	0.503	34.861	0.231	0.225
163.0	2.028	0.05533	0.051	0.837	0.049	0.923	0.556	36.646	0.229	0.225
164.0	1.943	0.05084	0.050	0.826	0.055	0.922	0.605	38.228	0.227	0.224
165.0	1.850	0.04673	0.047	0.815	0.064	0.919	0.649	39.593	0.226	0.224
166.0	1.749	0.04261	0.045	0.806	0.076	0.916	0.688	41.045	0.226	0.224
167.0	1.642	0.03939	0.042	0.797	0.088	0.914	0.721	41.692	0.225	0.224
168.0	1.532	0.03598	0.040	0.782	0.107	0.914	0.750	42.581	0.225	0.224
169.0	1.417	0.03308	0.037	0.768	0.130	0.912	0.776	42.835	0.225	0.224
170.0	1.297	0.03038	0.034	0.756	0.159	0.910	0.799	42.693	0.225	0.224
171.0	1.175	0.02798	0.031	0.739	0.195	0.910	0.818	41.980	0.224	0.224
172.0	1.049	0.02585	0.027	0.723	0.237	0.907	0.834	40.585	0.224	0.224
173.0	0.921	0.02411	0.024	0.708	0.278	0.904	0.846	38.223	0.224	0.224
174.0	0.793	0.02268	0.021	0.687	0.322	0.904	0.857	34.950	0.224	0.224
175.0	0.662	0.02154	0.017	0.667	0.364	0.902	0.866	30.741	0.224	0.224
176.0	0.531	0.02063	0.014	0.646	0.404	0.900	0.873	25.728	0.224	0.224
177.0	0.399	0.01995	0.010	0.622	0.443	0.897	0.879	19.979	0.224	0.224
178.0	0.266	0.01948	0.007	0.598	0.478	0.895	0.883	13.652	0.224	0.224
179.0	0.133	0.01923	0.004	0.571	0.513	0.893	0.887	6.918	0.224	0.224
180.0	0.000	0.01917	-0.000	0.542	0.542	0.891	0.891	0.000	0.224	0.250


